# lan_2_0.jpg
606 94 405 823 772.3 94.26 0.0 1010.76 122.07 0.0 809.5 505.545 0.0 606.0 909.7 0.0 846.7 916.83 0.0 1.0
1008 5 209 149 1035.5 5.99 0.0 1216.2 29.1 0.0 1113.51 79.765 0.0 1008.38 132.64 0.0 1191.52 153.54 0.0 2.0
879 637 210 151 907.54 637.58 0.0 1088.19 662.06 0.0 985.92 712.375 0.0 879.47 761.5 0.0 1064.3 787.17 0.0 2.0
# lan_2_1.jpg
606 94 407 823 772.6 94.62 0.0 1012.1 123.11 0.0 809.6500000000001 505.46 0.0 606.07 909.08 0.0 846.7 916.3 0.0 1.0
880 637 211 149 906.68 637.42 0.0 1090.03 662.97 0.0 985.3199999999999 711.5999999999999 0.0 880.21 761.56 0.0 1063.96 785.78 0.0 2.0
1009 7 208 148 1034.18 7.22 0.0 1216.78 28.51 0.0 1112.955 80.86 0.0 1009.13 133.71 0.0 1191.73 154.5 0.0 2.0
# lan_2_10.jpg
949 8 209 148 974.98 8.28 0.0 1157.43 29.92 0.0 1052.53 81.92 0.0 949.43 133.92 0.0 1130.08 155.56 0.0 2.0
819 638 211 151 845.4 638.6 0.0 1029.08 663.53 0.0 924.62 713.585 0.0 819.28 764.22 0.0 1003.84 788.57 0.0 2.0
545 95 407 822 711.44 95.26 0.0 951.3 123.22 0.0 749.37 505.88 0.0 545.52 911.62 0.0 787.3 916.5 0.0 1.0
# lan_2_100.jpg
679 138 408 822 848.16 138.69 0.0 1086.4 166.3 0.0 884.98 548.945 0.0 679.92 956.42 0.0 921.8 959.2 0.0 1.0
1083 52 209 147 1109.25 52.54 0.0 1291.31 72.65 0.0 1187.525 125.63499999999999 0.0 1083.95 177.37 0.0 1265.8 198.73 0.0 2.0
953 680 213 152 981.2 680.28 0.0 1165.14 705.36 0.0 1059.135 755.825 0.0 953.43 806.88 0.0 1137.07 831.37 0.0 2.0
# lan_2_101.jpg
953 680 213 152 981.2 680.28 0.0 1165.14 705.36 0.0 1059.135 755.825 0.0 953.43 806.88 0.0 1137.07 831.37 0.0 2.0
1083 52 209 147 1109.25 52.54 0.0 1291.31 72.65 0.0 1187.525 125.63499999999999 0.0 1083.95 177.37 0.0 1265.8 198.73 0.0 2.0
679 138 408 822 848.16 138.69 0.0 1086.4 166.3 0.0 884.98 548.945 0.0 679.92 956.42 0.0 921.8 959.2 0.0 1.0
# lan_2_103.jpg
1083 52 209 147 1109.25 52.54 0.0 1291.31 72.65 0.0 1187.525 125.63499999999999 0.0 1083.95 177.37 0.0 1265.8 198.73 0.0 2.0
679 138 408 822 848.16 138.69 0.0 1086.4 166.3 0.0 884.98 548.945 0.0 679.92 956.42 0.0 921.8 959.2 0.0 1.0
953 680 213 152 981.2 680.28 0.0 1165.14 705.36 0.0 1059.135 755.825 0.0 953.43 806.88 0.0 1137.07 831.37 0.0 2.0
# lan_2_104.jpg
1083 52 209 147 1109.25 52.54 0.0 1291.31 72.65 0.0 1187.525 125.63499999999999 0.0 1083.95 177.37 0.0 1265.8 198.73 0.0 2.0
953 680 213 152 981.2 680.28 0.0 1165.14 705.36 0.0 1059.135 755.825 0.0 953.43 806.88 0.0 1137.07 831.37 0.0 2.0
679 138 408 822 848.16 138.69 0.0 1086.4 166.3 0.0 884.98 548.945 0.0 679.92 956.42 0.0 921.8 959.2 0.0 1.0
# lan_2_106.jpg
1083 52 209 147 1109.25 52.54 0.0 1291.31 72.65 0.0 1187.525 125.63499999999999 0.0 1083.95 177.37 0.0 1265.8 198.73 0.0 2.0
679 138 408 822 848.16 138.69 0.0 1086.4 166.3 0.0 884.98 548.945 0.0 679.92 956.42 0.0 921.8 959.2 0.0 1.0
953 680 213 152 981.2 680.28 0.0 1165.14 705.36 0.0 1059.135 755.825 0.0 953.43 806.88 0.0 1137.07 831.37 0.0 2.0
# lan_2_108.jpg
1083 52 209 147 1109.25 52.54 0.0 1291.31 72.65 0.0 1187.525 125.63499999999999 0.0 1083.95 177.37 0.0 1265.8 198.73 0.0 2.0
953 680 213 152 981.2 680.28 0.0 1165.14 705.36 0.0 1059.135 755.825 0.0 953.43 806.88 0.0 1137.07 831.37 0.0 2.0
679 138 408 822 848.16 138.69 0.0 1086.4 166.3 0.0 884.98 548.945 0.0 679.92 956.42 0.0 921.8 959.2 0.0 1.0
# lan_2_110.jpg
1084 52 208 148 1109.11 52.71 0.0 1291.75 73.79 0.0 1187.8049999999998 125.905 0.0 1084.27 175.86 0.0 1266.5 199.1 0.0 2.0
681 139 406 822 847.32 139.2 0.0 1086.1 166.8 0.0 884.86 549.61 0.0 681.05 954.61 0.0 922.4 960.02 0.0 1.0
954 681 212 152 980.6 681.2 0.0 1165.42 705.55 0.0 1059.335 756.7950000000001 0.0 954.42 807.14 0.0 1138.07 832.39 0.0 2.0
# lan_2_111.jpg
954 681 212 152 980.6 681.2 0.0 1165.42 705.55 0.0 1059.335 756.7950000000001 0.0 954.42 807.14 0.0 1138.07 832.39 0.0 2.0
1084 52 208 147 1109.11 52.71 0.0 1291.75 73.79 0.0 1187.955 125.605 0.0 1084.27 175.86 0.0 1266.8 198.5 0.0 2.0
681 139 406 822 847.32 139.2 0.0 1086.1 166.8 0.0 884.86 549.61 0.0 681.05 954.61 0.0 922.4 960.02 0.0 1.0
# lan_2_112.jpg
1076 89 193 136 1099.4 89.3 0.0 1268.1 110.1 0.0 1172.8000000000002 157.0 0.0 1076.7 205.8 0.0 1246.2 224.7 0.0 2.0
703 169 376 762 857.9 169.5 0.0 1078.8 195.2 0.0 892.75 550.15 0.0 703.0 925.4 0.0 927.6 930.8 0.0 1.0
957 672 194 139 981.0 672.3 0.0 1150.1 695.6 0.0 1054.05 741.55 0.0 957.3 788.3 0.0 1127.1 810.8 0.0 2.0
# lan_2_113.jpg
703 169 376 762 857.9 169.5 0.0 1078.8 195.2 0.0 892.75 550.15 0.0 703.0 925.4 0.0 927.6 930.8 0.0 1.0
957 672 194 139 981.0 672.3 0.0 1150.1 695.6 0.0 1054.05 741.55 0.0 957.3 788.3 0.0 1127.1 810.8 0.0 2.0
1076 89 193 136 1099.4 89.3 0.0 1268.1 110.1 0.0 1172.8000000000002 157.0 0.0 1076.7 205.8 0.0 1246.2 224.7 0.0 2.0
# lan_2_114.jpg
1076 89 193 136 1099.4 89.3 0.0 1268.1 110.1 0.0 1172.8000000000002 157.0 0.0 1076.7 205.8 0.0 1246.2 224.7 0.0 2.0
703 169 376 762 857.9 169.5 0.0 1078.8 195.2 0.0 892.75 550.15 0.0 703.0 925.4 0.0 927.6 930.8 0.0 1.0
957 672 194 139 981.0 672.3 0.0 1150.1 695.6 0.0 1054.05 741.55 0.0 957.3 788.3 0.0 1127.1 810.8 0.0 2.0
# lan_2_115.jpg
1074 92 192 137 1098.8 92.0 0.0 1265.7 115.2 0.0 1170.6999999999998 160.15 0.0 1074.9 209.7 0.0 1242.6 228.3 0.0 2.0
708 174 369 748 857.8 174.5 0.0 1076.9 199.3 0.0 892.8 547.8 0.0 708.7 918.9 0.0 927.8 921.1 0.0 1.0
957 671 190 137 981.7 671.1 0.0 1146.6 690.6 0.0 1052.9 739.1 0.0 957.3 782.3 0.0 1124.1 807.1 0.0 2.0
# lan_2_116.jpg
958 661 178 127 980.0 661.8 0.0 1135.75 682.63 0.0 1046.35 724.815 0.0 958.16 767.29 0.0 1112.7 787.83 0.0 2.0
1067 133 174 124 1090.43 133.42 0.0 1240.72 150.95 0.0 1155.88 194.97499999999997 0.0 1067.53 238.25 0.0 1221.33 256.53 0.0 2.0
729 208 341 688 869.4 208.36 0.0 1069.16 229.3 0.0 900.25 552.03 0.0 729.7 893.7 0.0 931.1 895.7 0.0 1.0
# lan_2_117.jpg
729 208 341 688 869.4 208.36 0.0 1069.16 229.3 0.0 900.25 552.03 0.0 729.7 893.7 0.0 931.1 895.7 0.0 1.0
1067 133 174 124 1090.43 133.42 0.0 1240.72 150.95 0.0 1155.88 194.97499999999997 0.0 1067.53 238.25 0.0 1221.33 256.53 0.0 2.0
958 661 178 127 980.0 661.8 0.0 1135.75 682.63 0.0 1046.35 724.815 0.0 958.16 767.29 0.0 1112.7 787.83 0.0 2.0
# lan_2_119.jpg
1067 133 174 124 1090.43 133.42 0.0 1240.72 150.95 0.0 1155.88 194.97499999999997 0.0 1067.53 238.25 0.0 1221.33 256.53 0.0 2.0
729 208 341 688 869.4 208.36 0.0 1069.16 229.3 0.0 900.25 552.03 0.0 729.7 893.7 0.0 931.1 895.7 0.0 1.0
958 661 178 127 980.0 661.8 0.0 1135.75 682.63 0.0 1046.35 724.815 0.0 958.16 767.29 0.0 1112.7 787.83 0.0 2.0
# lan_2_12.jpg
407 96 405 822 571.9 96.3 0.0 811.7 123.7 0.0 610.0 506.79999999999995 0.0 407.8 914.7 0.0 648.1 917.3 0.0 1.0
809 8 211 148 836.98 8.7 0.0 1019.13 31.06 0.0 915.61 82.1 0.0 809.57 134.22 0.0 994.24 155.5 0.0 2.0
682 638 211 150 710.74 638.82 0.0 892.53 663.71 0.0 788.29 713.3 0.0 682.97 764.7 0.0 865.84 787.78 0.0 2.0
# lan_2_120.jpg
729 207 341 689 869.41 207.31 0.0 1069.58 230.06 0.0 901.255 551.305 0.0 729.9 893.7 0.0 933.1 895.3 0.0 1.0
1067 135 176 122 1089.42 135.73 0.0 1242.46 152.65 0.0 1155.24 196.195 0.0 1067.78 239.24 0.0 1221.06 256.66 0.0 2.0
959 662 177 127 982.45 662.29 0.0 1135.5 682.83 0.0 1047.7 725.41 0.0 959.41 769.25 0.0 1112.95 788.53 0.0 2.0
# lan_2_121.jpg
959 662 177 127 982.45 662.29 0.0 1135.5 682.83 0.0 1047.7 725.41 0.0 959.41 769.25 0.0 1112.95 788.53 0.0 2.0
729 207 341 689 869.41 207.31 0.0 1069.58 230.06 0.0 901.255 551.305 0.0 729.9 893.7 0.0 933.1 895.3 0.0 1.0
1067 135 176 122 1089.42 135.73 0.0 1242.46 152.65 0.0 1155.24 196.195 0.0 1067.78 239.24 0.0 1221.06 256.66 0.0 2.0
# lan_2_122.jpg
1067 135 176 122 1089.42 135.73 0.0 1242.46 152.65 0.0 1155.24 196.195 0.0 1067.78 239.24 0.0 1221.06 256.66 0.0 2.0
959 662 177 127 982.45 662.29 0.0 1135.5 682.83 0.0 1047.7 725.41 0.0 959.41 769.25 0.0 1112.95 788.53 0.0 2.0
729 207 341 689 869.41 207.31 0.0 1069.58 230.06 0.0 901.255 551.305 0.0 729.9 893.7 0.0 933.1 895.3 0.0 1.0
# lan_2_123.jpg
1067 135 176 122 1089.42 135.73 0.0 1242.46 152.65 0.0 1155.24 196.195 0.0 1067.78 239.24 0.0 1221.06 256.66 0.0 2.0
729 207 341 689 869.41 207.31 0.0 1069.58 230.06 0.0 901.255 551.305 0.0 729.9 893.7 0.0 933.1 895.3 0.0 1.0
959 662 177 127 982.45 662.29 0.0 1135.5 682.83 0.0 1047.7 725.41 0.0 959.41 769.25 0.0 1112.95 788.53 0.0 2.0
# lan_2_124.jpg
957 667 184 134 981.9 667.7 0.0 1140.27 689.73 0.0 1050.625 734.0 0.0 957.15 779.11 0.0 1119.35 800.3 0.0 2.0
1072 109 182 131 1097.2 109.3 0.0 1253.51 130.93 0.0 1165.1 174.25 0.0 1072.2 220.3 0.0 1233.0 239.2 0.0 2.0
716 189 358 724 862.3 189.2 0.0 1073.9 212.4 0.0 895.355 551.09 0.0 716.0 908.8 0.0 928.41 912.98 0.0 1.0
# lan_2_126.jpg
703 172 377 757 858.72 172.02 0.0 1079.06 197.28 0.0 893.3199999999999 550.3100000000001 0.0 703.58 926.21 0.0 927.92 928.6 0.0 1.0
1077 91 191 136 1100.81 91.12 0.0 1267.49 111.73 0.0 1172.935 158.94 0.0 1077.6 206.16 0.0 1245.06 226.76 0.0 2.0
958 672 190 138 981.2 672.6 0.0 1147.08 693.84 0.0 1054.12 740.97 0.0 958.02 786.49 0.0 1127.04 809.34 0.0 2.0
# lan_2_127.jpg
1077 91 191 136 1100.81 91.12 0.0 1267.49 111.73 0.0 1172.935 158.94 0.0 1077.6 206.16 0.0 1245.06 226.76 0.0 2.0
703 172 377 757 858.72 172.02 0.0 1079.06 197.28 0.0 893.3199999999999 550.3100000000001 0.0 703.58 926.21 0.0 927.92 928.6 0.0 1.0
958 672 190 138 981.2 672.6 0.0 1147.08 693.84 0.0 1054.12 740.97 0.0 958.02 786.49 0.0 1127.04 809.34 0.0 2.0
# lan_2_128.jpg
1077 91 191 136 1100.81 91.12 0.0 1267.49 111.73 0.0 1172.935 158.94 0.0 1077.6 206.16 0.0 1245.06 226.76 0.0 2.0
703 172 377 757 858.72 172.02 0.0 1079.06 197.28 0.0 893.3199999999999 550.3100000000001 0.0 703.58 926.21 0.0 927.92 928.6 0.0 1.0
958 672 190 138 981.2 672.6 0.0 1147.08 693.84 0.0 1054.12 740.97 0.0 958.02 786.49 0.0 1127.04 809.34 0.0 2.0
# lan_2_129.jpg
1077 91 191 136 1100.81 91.12 0.0 1267.49 111.73 0.0 1172.935 158.94 0.0 1077.6 206.16 0.0 1245.06 226.76 0.0 2.0
958 672 190 138 981.2 672.6 0.0 1147.08 693.84 0.0 1054.12 740.97 0.0 958.02 786.49 0.0 1127.04 809.34 0.0 2.0
703 172 377 757 858.72 172.02 0.0 1079.06 197.28 0.0 893.3199999999999 550.3100000000001 0.0 703.58 926.21 0.0 927.92 928.6 0.0 1.0
# lan_2_13.jpg
739 9 210 148 766.56 9.46 0.0 948.71 31.82 0.0 845.19 82.86 0.0 739.15 134.98 0.0 923.82 156.26 0.0 2.0
612 640 211 150 640.29 640.19 0.0 822.08 665.08 0.0 717.8399999999999 714.675 0.0 612.52 766.07 0.0 795.39 789.16 0.0 2.0
336 95 407 823 502.0 95.2 0.0 742.0 122.8 0.0 539.35 506.3 0.0 336.41 913.68 0.0 576.7 917.4 0.0 1.0
# lan_2_130.jpg
693 158 386 786 852.5 158.4 0.0 1078.4 183.7 0.0 889.95 550.85 0.0 693.3 940.7 0.0 927.4 943.3 0.0 1.0
957 674 198 144 981.2 674.7 0.0 1154.45 698.43 0.0 1054.8000000000002 746.3 0.0 957.92 795.71 0.0 1128.4 817.9 0.0 2.0
1079 74 198 143 1101.4 74.7 0.0 1276.0 97.4 0.0 1177.5500000000002 145.4 0.0 1079.5 193.3 0.0 1253.7 216.1 0.0 2.0
# lan_2_131.jpg
693 158 386 786 852.5 158.4 0.0 1078.4 183.7 0.0 889.95 550.85 0.0 693.3 940.7 0.0 927.4 943.3 0.0 1.0
1079 74 198 143 1101.4 74.7 0.0 1276.0 97.4 0.0 1177.5500000000002 145.4 0.0 1079.5 193.3 0.0 1253.7 216.1 0.0 2.0
957 674 198 144 981.2 674.7 0.0 1154.45 698.43 0.0 1054.8000000000002 746.3 0.0 957.92 795.71 0.0 1128.4 817.9 0.0 2.0
957 674 198 144 981.2 674.7 0.0 1154.45 698.43 0.0 1054.8000000000002 746.3 0.0 957.92 795.71 0.0 1128.4 817.9 0.0 2.0
# lan_2_132.jpg
957 674 198 144 981.2 674.7 0.0 1154.45 698.43 0.0 1054.8000000000002 746.3 0.0 957.92 795.71 0.0 1128.4 817.9 0.0 2.0
957 674 198 144 981.2 674.7 0.0 1154.45 698.43 0.0 1054.8000000000002 746.3 0.0 957.92 795.71 0.0 1128.4 817.9 0.0 2.0
693 158 386 786 852.5 158.4 0.0 1078.4 183.7 0.0 889.95 550.85 0.0 693.3 940.7 0.0 927.4 943.3 0.0 1.0
1079 74 198 143 1101.4 74.7 0.0 1276.0 97.4 0.0 1177.5500000000002 145.4 0.0 1079.5 193.3 0.0 1253.7 216.1 0.0 2.0
# lan_2_133.jpg
693 158 386 786 852.5 158.4 0.0 1078.4 183.7 0.0 889.95 550.85 0.0 693.3 940.7 0.0 927.4 943.3 0.0 1.0
957 674 198 144 981.2 674.7 0.0 1154.45 698.43 0.0 1054.8000000000002 746.3 0.0 957.92 795.71 0.0 1128.4 817.9 0.0 2.0
957 674 198 144 981.2 674.7 0.0 1154.45 698.43 0.0 1054.8000000000002 746.3 0.0 957.92 795.71 0.0 1128.4 817.9 0.0 2.0
1079 74 198 143 1101.4 74.7 0.0 1276.0 97.4 0.0 1177.5500000000002 145.4 0.0 1079.5 193.3 0.0 1253.7 216.1 0.0 2.0
# lan_2_134.jpg
1079 74 198 143 1101.4 74.7 0.0 1276.0 97.4 0.0 1177.5500000000002 145.4 0.0 1079.5 193.3 0.0 1253.7 216.1 0.0 2.0
957 674 198 144 981.2 674.7 0.0 1154.45 698.43 0.0 1054.8000000000002 746.3 0.0 957.92 795.71 0.0 1128.4 817.9 0.0 2.0
957 674 198 144 981.2 674.7 0.0 1154.45 698.43 0.0 1054.8000000000002 746.3 0.0 957.92 795.71 0.0 1128.4 817.9 0.0 2.0
693 158 386 786 852.5 158.4 0.0 1078.4 183.7 0.0 889.95 550.85 0.0 693.3 940.7 0.0 927.4 943.3 0.0 1.0
# lan_2_135.jpg
957 674 198 144 981.2 674.7 0.0 1154.45 698.43 0.0 1054.8000000000002 746.3 0.0 957.92 795.71 0.0 1128.4 817.9 0.0 2.0
957 674 198 144 981.2 674.7 0.0 1154.45 698.43 0.0 1054.8000000000002 746.3 0.0 957.92 795.71 0.0 1128.4 817.9 0.0 2.0
1079 74 198 143 1101.4 74.7 0.0 1276.0 97.4 0.0 1177.5500000000002 145.4 0.0 1079.5 193.3 0.0 1253.7 216.1 0.0 2.0
693 158 386 786 852.5 158.4 0.0 1078.4 183.7 0.0 889.95 550.85 0.0 693.3 940.7 0.0 927.4 943.3 0.0 1.0
# lan_2_136.jpg
693 158 386 786 852.5 158.4 0.0 1078.4 183.7 0.0 889.95 550.85 0.0 693.3 940.7 0.0 927.4 943.3 0.0 1.0
957 674 198 144 981.2 674.7 0.0 1154.45 698.43 0.0 1054.8000000000002 746.3 0.0 957.92 795.71 0.0 1128.4 817.9 0.0 2.0
957 674 198 144 981.2 674.7 0.0 1154.45 698.43 0.0 1054.8000000000002 746.3 0.0 957.92 795.71 0.0 1128.4 817.9 0.0 2.0
1079 74 198 143 1101.4 74.7 0.0 1276.0 97.4 0.0 1177.5500000000002 145.4 0.0 1079.5 193.3 0.0 1253.7 216.1 0.0 2.0
# lan_2_138.jpg
693 158 386 786 852.5 158.4 0.0 1078.4 183.7 0.0 889.95 550.85 0.0 693.3 940.7 0.0 927.4 943.3 0.0 1.0
957 674 198 144 981.2 674.7 0.0 1154.45 698.43 0.0 1054.8000000000002 746.3 0.0 957.92 795.71 0.0 1128.4 817.9 0.0 2.0
957 674 198 144 981.2 674.7 0.0 1154.45 698.43 0.0 1054.8000000000002 746.3 0.0 957.92 795.71 0.0 1128.4 817.9 0.0 2.0
1079 74 198 143 1101.4 74.7 0.0 1276.0 97.4 0.0 1177.5500000000002 145.4 0.0 1079.5 193.3 0.0 1253.7 216.1 0.0 2.0
# lan_2_139.jpg
957 674 198 144 981.2 674.7 0.0 1154.45 698.43 0.0 1054.8000000000002 746.3 0.0 957.92 795.71 0.0 1128.4 817.9 0.0 2.0
957 674 198 144 981.2 674.7 0.0 1154.45 698.43 0.0 1054.8000000000002 746.3 0.0 957.92 795.71 0.0 1128.4 817.9 0.0 2.0
693 158 386 786 852.5 158.4 0.0 1078.4 183.7 0.0 889.95 550.85 0.0 693.3 940.7 0.0 927.4 943.3 0.0 1.0
1079 74 198 143 1101.4 74.7 0.0 1276.0 97.4 0.0 1177.5500000000002 145.4 0.0 1079.5 193.3 0.0 1253.7 216.1 0.0 2.0
# lan_2_14.jpg
554 639 211 151 582.6 639.3 0.0 764.1 664.1 0.0 661.1500000000001 714.25 0.0 554.55 765.79 0.0 739.7 789.2 0.0 2.0
682 9 210 148 709.19 9.56 0.0 891.34 31.92 0.0 787.82 82.96000000000001 0.0 682.8 134.0 0.0 866.45 156.36 0.0 2.0
281 96 405 822 445.21 96.53 0.0 685.01 123.93 0.0 483.30999999999995 507.03 0.0 281.11 914.93 0.0 521.41 917.53 0.0 1.0
# lan_2_140.jpg
955 678 204 149 980.9 678.1 0.0 1158.84 704.63 0.0 1057.2 752.05 0.0 955.15 805.0 0.0 1133.5 826.0 0.0 2.0
686 146 398 808 848.4 146.9 0.0 1083.47 174.25 0.0 886.3 550.25 0.0 686.6 951.8 0.0 924.2 953.6 0.0 1.0
1082 61 205 146 1106.7 61.4 0.0 1286.09 82.79 0.0 1183.1 133.79999999999998 0.0 1082.05 185.76 0.0 1259.5 206.2 0.0 2.0
# lan_2_141.jpg
686 146 398 808 848.4 146.9 0.0 1083.47 174.25 0.0 886.3 550.25 0.0 686.6 951.8 0.0 924.2 953.6 0.0 1.0
1082 61 205 146 1106.7 61.4 0.0 1286.09 82.79 0.0 1183.1 133.79999999999998 0.0 1082.05 185.76 0.0 1259.5 206.2 0.0 2.0
955 678 204 149 980.9 678.1 0.0 1158.84 704.63 0.0 1057.2 752.05 0.0 955.15 805.0 0.0 1133.5 826.0 0.0 2.0
# lan_2_142.jpg
686 146 398 808 848.4 146.9 0.0 1083.47 174.25 0.0 886.3 550.25 0.0 686.6 951.8 0.0 924.2 953.6 0.0 1.0
1082 61 205 146 1106.7 61.4 0.0 1286.09 82.79 0.0 1183.1 133.79999999999998 0.0 1082.05 185.76 0.0 1259.5 206.2 0.0 2.0
955 678 204 149 980.9 678.1 0.0 1158.84 704.63 0.0 1057.2 752.05 0.0 955.15 805.0 0.0 1133.5 826.0 0.0 2.0
# lan_2_143.jpg
686 146 398 808 848.4 146.9 0.0 1083.47 174.25 0.0 886.3 550.25 0.0 686.6 951.8 0.0 924.2 953.6 0.0 1.0
1082 61 205 146 1106.7 61.4 0.0 1286.09 82.79 0.0 1183.1 133.79999999999998 0.0 1082.05 185.76 0.0 1259.5 206.2 0.0 2.0
955 678 204 149 980.9 678.1 0.0 1158.84 704.63 0.0 1057.2 752.05 0.0 955.15 805.0 0.0 1133.5 826.0 0.0 2.0
# lan_2_145.jpg
955 678 204 149 980.9 678.1 0.0 1158.84 704.63 0.0 1057.2 752.05 0.0 955.2 803.0 0.0 1133.5 826.0 0.0 2.0
686 146 398 808 848.4 146.9 0.0 1083.47 174.25 0.0 886.3 550.25 0.0 686.6 951.8 0.0 924.2 953.6 0.0 1.0
1082 61 205 146 1106.7 61.4 0.0 1286.09 82.79 0.0 1183.1 133.79999999999998 0.0 1082.05 185.76 0.0 1259.5 206.2 0.0 2.0
# lan_2_146.jpg
686 146 398 808 848.4 146.9 0.0 1083.47 174.25 0.0 886.3 550.25 0.0 686.6 951.8 0.0 924.2 953.6 0.0 1.0
1082 61 205 146 1106.7 61.4 0.0 1286.09 82.79 0.0 1183.1 133.79999999999998 0.0 1082.05 185.76 0.0 1259.5 206.2 0.0 2.0
955 678 204 149 980.9 678.1 0.0 1158.84 704.63 0.0 1057.2 752.05 0.0 955.15 805.0 0.0 1133.5 826.0 0.0 2.0
# lan_2_147.jpg
955 678 204 149 980.9 678.1 0.0 1158.84 704.63 0.0 1057.2 752.05 0.0 955.15 805.0 0.0 1133.5 826.0 0.0 2.0
686 146 398 808 848.4 146.9 0.0 1083.47 174.25 0.0 886.3 550.25 0.0 686.6 951.8 0.0 924.2 953.6 0.0 1.0
1082 61 205 146 1106.7 61.4 0.0 1286.09 82.79 0.0 1183.1 133.79999999999998 0.0 1082.05 185.76 0.0 1259.5 206.2 0.0 2.0
# lan_2_148.jpg
955 678 204 149 980.9 678.1 0.0 1158.84 704.63 0.0 1057.2 752.05 0.0 955.15 805.0 0.0 1133.5 826.0 0.0 2.0
1082 61 205 146 1106.7 61.4 0.0 1286.09 82.79 0.0 1183.1 133.79999999999998 0.0 1082.05 185.76 0.0 1259.5 206.2 0.0 2.0
686 146 398 808 848.4 146.9 0.0 1083.47 174.25 0.0 886.3 550.25 0.0 686.6 951.8 0.0 924.2 953.6 0.0 1.0
# lan_2_149.jpg
686 146 398 808 848.4 146.9 0.0 1083.47 174.25 0.0 886.3 550.25 0.0 686.6 951.8 0.0 924.2 953.6 0.0 1.0
955 678 204 149 980.9 678.1 0.0 1158.84 704.63 0.0 1057.2 752.05 0.0 955.15 805.0 0.0 1133.5 826.0 0.0 2.0
1082 61 205 146 1106.7 61.4 0.0 1286.09 82.79 0.0 1183.1 133.79999999999998 0.0 1082.05 185.76 0.0 1259.5 206.2 0.0 2.0
# lan_2_15.jpg
483 639 211 150 511.67 639.13 0.0 693.46 664.02 0.0 590.1850000000001 713.915 0.0 483.9 765.01 0.0 668.7 788.7 0.0 2.0
612 10 210 148 639.84 10.2 0.0 821.99 32.56 0.0 718.47 83.6 0.0 612.43 135.72 0.0 797.1 157.0 0.0 2.0
210 97 405 822 374.2 97.72 0.0 614.0 125.12 0.0 412.29999999999995 508.22 0.0 210.1 916.12 0.0 450.4 918.72 0.0 1.0
# lan_2_150.jpg
1081 61 205 145 1104.18 61.57 0.0 1285.3 84.8 0.0 1182.76 133.66 0.0 1081.6 184.6 0.0 1261.34 205.75 0.0 2.0
957 678 203 147 980.5 678.75 0.0 1159.87 702.0 0.0 1057.6100000000001 751.825 0.0 957.25 801.65 0.0 1134.72 824.9 0.0 2.0
685 146 400 807 848.8 146.3 0.0 1084.15 175.94 0.0 885.25 549.2 0.0 685.2 950.8 0.0 921.7 952.1 0.0 1.0
# lan_2_151.jpg
957 678 203 147 980.5 678.75 0.0 1159.87 702.0 0.0 1057.6100000000001 751.825 0.0 957.25 801.65 0.0 1134.72 824.9 0.0 2.0
685 146 400 807 848.8 146.3 0.0 1084.15 175.94 0.0 885.25 549.2 0.0 685.2 950.8 0.0 921.7 952.1 0.0 1.0
1081 61 205 145 1104.18 61.57 0.0 1285.3 84.8 0.0 1182.76 133.66 0.0 1081.6 184.6 0.0 1261.34 205.75 0.0 2.0
# lan_2_152.jpg
685 146 400 807 848.8 146.3 0.0 1084.15 175.94 0.0 885.25 549.2 0.0 685.2 950.8 0.0 921.7 952.1 0.0 1.0
1081 61 205 145 1104.18 61.57 0.0 1285.3 84.8 0.0 1182.76 133.66 0.0 1081.6 184.6 0.0 1261.34 205.75 0.0 2.0
957 678 203 147 980.5 678.75 0.0 1159.87 702.0 0.0 1057.6100000000001 751.825 0.0 957.25 801.65 0.0 1134.72 824.9 0.0 2.0
# lan_2_154.jpg
1081 61 205 145 1104.18 61.57 0.0 1285.3 84.8 0.0 1182.76 133.66 0.0 1081.6 184.6 0.0 1261.34 205.75 0.0 2.0
957 678 203 147 980.5 678.75 0.0 1159.87 702.0 0.0 1057.6100000000001 751.825 0.0 957.25 801.65 0.0 1134.72 824.9 0.0 2.0
685 146 400 807 848.8 146.3 0.0 1084.15 175.94 0.0 885.25 549.2 0.0 685.2 950.8 0.0 921.7 952.1 0.0 1.0
# lan_2_155.jpg
957 678 203 147 980.5 678.75 0.0 1159.87 702.0 0.0 1057.6100000000001 751.825 0.0 957.25 801.65 0.0 1134.72 824.9 0.0 2.0
685 146 400 807 848.8 146.3 0.0 1084.15 175.94 0.0 885.25 549.2 0.0 685.2 950.8 0.0 921.7 952.1 0.0 1.0
1081 61 205 145 1104.18 61.57 0.0 1285.3 84.8 0.0 1182.76 133.66 0.0 1081.6 184.6 0.0 1261.34 205.75 0.0 2.0
# lan_2_156.jpg
1081 61 205 145 1104.18 61.57 0.0 1285.3 84.8 0.0 1182.76 133.66 0.0 1081.6 184.6 0.0 1261.34 205.75 0.0 2.0
957 678 203 147 980.5 678.75 0.0 1159.87 702.0 0.0 1057.6100000000001 751.825 0.0 957.25 801.65 0.0 1134.72 824.9 0.0 2.0
685 146 400 807 848.8 146.3 0.0 1084.15 175.94 0.0 885.25 549.2 0.0 685.2 950.8 0.0 921.7 952.1 0.0 1.0
# lan_2_158.jpg
1081 61 205 145 1104.18 61.57 0.0 1285.3 84.8 0.0 1182.76 133.66 0.0 1081.6 184.6 0.0 1261.34 205.75 0.0 2.0
957 678 203 147 980.5 678.75 0.0 1159.87 702.0 0.0 1057.6100000000001 751.825 0.0 957.25 801.65 0.0 1134.72 824.9 0.0 2.0
685 146 400 807 848.8 146.3 0.0 1084.15 175.94 0.0 885.25 549.2 0.0 685.2 950.8 0.0 921.7 952.1 0.0 1.0
# lan_2_159.jpg
957 678 203 147 980.5 678.75 0.0 1159.87 702.0 0.0 1057.6100000000001 751.825 0.0 957.25 801.65 0.0 1134.72 824.9 0.0 2.0
685 146 400 807 848.8 146.3 0.0 1084.15 175.94 0.0 885.25 549.2 0.0 685.2 950.8 0.0 921.7 952.1 0.0 1.0
1081 61 205 145 1104.18 61.57 0.0 1285.3 84.8 0.0 1182.76 133.66 0.0 1081.6 184.6 0.0 1261.34 205.75 0.0 2.0
# lan_2_16.jpg
424 640 210 150 452.01 640.07 0.0 633.8 664.96 0.0 530.0550000000001 714.635 0.0 424.9 766.9 0.0 608.1 789.2 0.0 2.0
146 96 414 824 319.2 96.5 0.0 559.0 124.9 0.0 355.5 508.0 0.0 146.3 914.3 0.0 391.8 919.5 0.0 1.0
556 10 211 148 584.41 10.59 0.0 766.55 32.95 0.0 663.035 83.99 0.0 556.99 136.11 0.0 741.66 157.39 0.0 2.0
# lan_2_160.jpg
956 676 205 150 979.2 676.2 0.0 1160.28 702.4 0.0 1057.495 750.7950000000001 0.0 956.99 802.62 0.0 1135.79 825.39 0.0 2.0
685 146 396 808 848.4 146.5 0.0 1080.63 173.34 0.0 885.9 549.75 0.0 685.2 947.8 0.0 923.4 953.0 0.0 1.0
1081 61 203 146 1106.8 61.1 0.0 1283.82 84.07 0.0 1183.32 133.79500000000002 0.0 1081.14 184.73 0.0 1259.84 206.49 0.0 2.0
# lan_2_161.jpg
1081 61 203 146 1106.8 61.1 0.0 1283.82 84.07 0.0 1183.32 133.79500000000002 0.0 1081.14 184.73 0.0 1259.84 206.49 0.0 2.0
956 676 205 150 979.2 676.2 0.0 1160.28 702.4 0.0 1057.495 750.7950000000001 0.0 956.99 802.62 0.0 1135.79 825.39 0.0 2.0
685 146 396 808 848.4 146.5 0.0 1080.63 173.34 0.0 885.9 549.75 0.0 685.2 947.8 0.0 923.4 953.0 0.0 1.0
# lan_2_163.jpg
1081 61 203 146 1106.8 61.1 0.0 1283.82 84.07 0.0 1183.32 133.79500000000002 0.0 1081.14 184.73 0.0 1259.84 206.49 0.0 2.0
956 676 205 150 979.2 676.2 0.0 1160.28 702.4 0.0 1057.495 750.7950000000001 0.0 956.99 802.62 0.0 1135.79 825.39 0.0 2.0
685 146 396 808 848.4 146.5 0.0 1080.63 173.34 0.0 885.9 549.75 0.0 685.2 947.8 0.0 923.4 953.0 0.0 1.0
# lan_2_164.jpg
956 676 205 150 979.2 676.2 0.0 1160.28 702.4 0.0 1057.495 750.7950000000001 0.0 956.99 802.62 0.0 1135.79 825.39 0.0 2.0
685 146 396 808 848.4 146.5 0.0 1080.63 173.34 0.0 885.9 549.75 0.0 685.2 947.8 0.0 923.4 953.0 0.0 1.0
1081 61 203 146 1106.8 61.1 0.0 1283.82 84.07 0.0 1183.32 133.79500000000002 0.0 1081.14 184.73 0.0 1259.84 206.49 0.0 2.0
# lan_2_165.jpg
1081 61 203 146 1106.8 61.1 0.0 1283.82 84.07 0.0 1183.32 133.79500000000002 0.0 1081.14 184.73 0.0 1259.84 206.49 0.0 2.0
956 676 205 150 979.2 676.2 0.0 1160.28 702.4 0.0 1057.495 750.7950000000001 0.0 956.99 802.62 0.0 1135.79 825.39 0.0 2.0
685 146 396 808 848.4 146.5 0.0 1080.63 173.34 0.0 885.9 549.75 0.0 685.2 947.8 0.0 923.4 953.0 0.0 1.0
# lan_2_166.jpg
1081 61 203 146 1106.8 61.1 0.0 1283.82 84.07 0.0 1183.32 133.79500000000002 0.0 1081.14 184.73 0.0 1259.84 206.49 0.0 2.0
956 676 205 150 979.2 676.2 0.0 1160.28 702.4 0.0 1057.495 750.7950000000001 0.0 956.99 802.62 0.0 1135.79 825.39 0.0 2.0
685 146 396 808 848.4 146.5 0.0 1080.63 173.34 0.0 885.9 549.75 0.0 685.2 947.8 0.0 923.4 953.0 0.0 1.0
# lan_2_167.jpg
1081 61 203 146 1106.8 61.1 0.0 1283.82 84.07 0.0 1183.32 133.79500000000002 0.0 1081.14 184.73 0.0 1259.84 206.49 0.0 2.0
956 676 205 150 979.2 676.2 0.0 1160.28 702.4 0.0 1057.495 750.7950000000001 0.0 956.99 802.62 0.0 1135.79 825.39 0.0 2.0
685 146 396 808 848.4 146.5 0.0 1080.63 173.34 0.0 885.9 549.75 0.0 685.2 947.8 0.0 923.4 953.0 0.0 1.0
# lan_2_169.jpg
685 146 396 808 848.4 146.5 0.0 1080.63 173.34 0.0 885.9 549.75 0.0 685.2 947.8 0.0 923.4 953.0 0.0 1.0
956 676 205 150 979.2 676.2 0.0 1160.28 702.4 0.0 1057.495 750.7950000000001 0.0 956.99 802.62 0.0 1135.79 825.39 0.0 2.0
1081 61 203 146 1106.8 61.1 0.0 1283.82 84.07 0.0 1183.32 133.79500000000002 0.0 1081.14 184.73 0.0 1259.84 206.49 0.0 2.0
# lan_2_17.jpg
143 96 408 824 308.7 96.1 0.0 550.2 124.4 0.0 348.29999999999995 507.95 0.0 143.4 916.7 0.0 387.9 919.8 0.0 1.0
548 9 208 148 573.59 9.69 0.0 755.74 32.05 0.0 652.22 83.09 0.0 548.2 135.3 0.0 730.85 156.49 0.0 2.0
420 641 210 150 448.08 641.61 0.0 629.87 666.5 0.0 526.29 715.9549999999999 0.0 420.31 767.49 0.0 604.5 790.3 0.0 2.0
# lan_2_170.jpg
1083 63 206 145 1105.58 63.42 0.0 1288.08 80.92 0.0 1183.5 135.5 0.0 1083.08 186.75 0.0 1261.42 207.58 0.0 2.0
686 146 398 806 848.9 146.2 0.0 1083.6 174.6 0.0 887.2 548.7 0.0 686.8 947.1 0.0 925.5 951.2 0.0 1.0
957 678 203 148 983.8 678.9 0.0 1159.3 703.4 0.0 1059.08 752.035 0.0 957.6 802.23 0.0 1134.36 825.17 0.0 2.0
# lan_2_173.jpg
686 146 398 806 848.9 146.2 0.0 1083.6 174.6 0.0 887.2 548.7 0.0 686.8 947.1 0.0 925.5 951.2 0.0 1.0
1083 63 206 145 1105.58 63.42 0.0 1288.08 80.92 0.0 1183.5 135.5 0.0 1083.08 186.75 0.0 1261.42 207.58 0.0 2.0
957 678 203 148 983.8 678.9 0.0 1159.3 703.4 0.0 1059.08 752.035 0.0 957.6 802.23 0.0 1134.36 825.17 0.0 2.0
# lan_2_177.jpg
1083 63 206 145 1105.58 63.42 0.0 1288.08 80.92 0.0 1183.5 135.5 0.0 1083.08 186.75 0.0 1261.42 207.58 0.0 2.0
957 678 203 148 983.8 678.9 0.0 1159.3 703.4 0.0 1059.08 752.035 0.0 957.6 802.23 0.0 1134.36 825.17 0.0 2.0
686 146 398 806 848.9 146.2 0.0 1083.6 174.6 0.0 887.2 548.7 0.0 686.8 947.1 0.0 925.5 951.2 0.0 1.0
# lan_2_178.jpg
686 146 398 806 848.9 146.2 0.0 1083.6 174.6 0.0 887.2 548.7 0.0 686.8 947.1 0.0 925.5 951.2 0.0 1.0
957 678 203 148 983.8 678.9 0.0 1159.3 703.4 0.0 1059.08 752.035 0.0 957.6 802.23 0.0 1134.36 825.17 0.0 2.0
1083 63 206 145 1105.58 63.42 0.0 1288.08 80.92 0.0 1183.5 135.5 0.0 1083.08 186.75 0.0 1261.42 207.58 0.0 2.0
# lan_2_18.jpg
71 96 409 825 238.08 96.36 0.0 479.5 125.6 0.0 277.59000000000003 508.48 0.0 71.1 916.6 0.0 317.1 920.6 0.0 1.0
477 9 209 149 503.72 9.23 0.0 685.87 31.6 0.0 581.9100000000001 83.315 0.0 477.5 134.9 0.0 660.1 157.4 0.0 2.0
349 641 211 150 376.6 641.5 0.0 559.02 666.36 0.0 454.65000000000003 715.95 0.0 349.8 767.7 0.0 532.7 790.4 0.0 2.0
# lan_2_180.jpg
1082 62 204 146 1104.78 62.0 0.0 1285.57 83.83 0.0 1182.1399999999999 134.85 0.0 1082.0 185.38 0.0 1259.5 207.7 0.0 2.0
957 676 204 150 979.98 676.99 0.0 1160.3 704.04 0.0 1058.74 751.245 0.0 957.67 800.84 0.0 1137.5 825.5 0.0 2.0
688 148 396 805 848.1 148.6 0.0 1083.9 174.6 0.0 885.75 550.35 0.0 688.2 942.8 0.0 923.4 952.1 0.0 1.0
# lan_2_181.jpg
1082 62 204 146 1104.78 62.0 0.0 1285.57 83.83 0.0 1182.1399999999999 134.85 0.0 1082.0 185.38 0.0 1259.5 207.7 0.0 2.0
957 676 204 150 979.98 676.99 0.0 1160.3 704.04 0.0 1058.74 751.245 0.0 957.67 800.84 0.0 1137.5 825.5 0.0 2.0
688 148 396 805 848.1 148.6 0.0 1083.9 174.6 0.0 885.75 550.35 0.0 688.2 942.8 0.0 923.4 952.1 0.0 1.0
# lan_2_182.jpg
1082 62 204 146 1104.78 62.0 0.0 1285.57 83.83 0.0 1182.1399999999999 134.85 0.0 1082.0 185.38 0.0 1259.5 207.7 0.0 2.0
957 676 204 150 979.98 676.99 0.0 1160.3 704.04 0.0 1058.74 751.245 0.0 957.67 800.84 0.0 1137.5 825.5 0.0 2.0
688 148 396 805 848.1 148.6 0.0 1083.9 174.6 0.0 885.75 550.35 0.0 688.2 942.8 0.0 923.4 952.1 0.0 1.0
# lan_2_183.jpg
1082 62 204 146 1104.78 62.0 0.0 1285.57 83.83 0.0 1182.1399999999999 134.85 0.0 1082.0 185.38 0.0 1259.5 207.7 0.0 2.0
957 676 204 150 979.98 676.99 0.0 1160.3 704.04 0.0 1058.74 751.245 0.0 957.67 800.84 0.0 1137.5 825.5 0.0 2.0
688 148 396 805 848.1 148.6 0.0 1083.9 174.6 0.0 885.75 550.35 0.0 688.2 942.8 0.0 923.4 952.1 0.0 1.0
# lan_2_185.jpg
688 148 396 805 848.1 148.6 0.0 1083.9 174.6 0.0 885.75 550.35 0.0 688.2 942.8 0.0 923.4 952.1 0.0 1.0
957 676 204 150 979.98 676.99 0.0 1160.3 704.04 0.0 1058.74 751.245 0.0 957.67 800.84 0.0 1137.5 825.5 0.0 2.0
1082 62 204 146 1104.78 62.0 0.0 1285.57 83.83 0.0 1182.1399999999999 134.85 0.0 1082.0 185.38 0.0 1259.5 207.7 0.0 2.0
# lan_2_186.jpg
688 148 396 805 848.1 148.6 0.0 1083.9 174.6 0.0 885.75 550.35 0.0 688.2 942.8 0.0 923.4 952.1 0.0 1.0
957 676 204 150 979.98 676.99 0.0 1160.3 704.04 0.0 1058.74 751.245 0.0 957.67 800.84 0.0 1137.5 825.5 0.0 2.0
1082 62 204 146 1104.78 62.0 0.0 1285.57 83.83 0.0 1182.1399999999999 134.85 0.0 1082.0 185.38 0.0 1259.5 207.7 0.0 2.0
# lan_2_187.jpg
688 148 396 805 848.1 148.6 0.0 1083.9 174.6 0.0 885.75 550.35 0.0 688.2 942.8 0.0 923.4 952.1 0.0 1.0
957 676 204 150 979.98 676.99 0.0 1160.3 704.04 0.0 1058.74 751.245 0.0 957.67 800.84 0.0 1137.5 825.5 0.0 2.0
1082 62 204 146 1104.78 62.0 0.0 1285.57 83.83 0.0 1182.1399999999999 134.85 0.0 1082.0 185.38 0.0 1259.5 207.7 0.0 2.0
# lan_2_188.jpg
688 148 396 805 848.1 148.6 0.0 1083.9 174.6 0.0 885.75 550.35 0.0 688.2 942.8 0.0 923.4 952.1 0.0 1.0
957 676 204 150 979.98 676.99 0.0 1160.3 704.04 0.0 1058.74 751.245 0.0 957.67 800.84 0.0 1137.5 825.5 0.0 2.0
1082 62 204 146 1104.78 62.0 0.0 1285.57 83.83 0.0 1182.1399999999999 134.85 0.0 1082.0 185.38 0.0 1259.5 207.7 0.0 2.0
# lan_2_189.jpg
688 148 396 805 848.1 148.6 0.0 1083.9 174.6 0.0 885.75 550.35 0.0 688.2 942.8 0.0 923.4 952.1 0.0 1.0
1082 62 204 146 1104.78 62.0 0.0 1285.57 83.83 0.0 1182.1399999999999 134.85 0.0 1082.0 185.38 0.0 1259.5 207.7 0.0 2.0
957 676 204 150 979.98 676.99 0.0 1160.3 704.04 0.0 1058.74 751.245 0.0 957.67 800.84 0.0 1137.5 825.5 0.0 2.0
# lan_2_192.jpg
688 148 396 805 848.1 148.6 0.0 1083.9 174.6 0.0 885.75 550.35 0.0 688.2 942.8 0.0 923.4 952.1 0.0 1.0
957 676 204 150 979.98 676.99 0.0 1160.3 704.04 0.0 1058.74 751.245 0.0 957.67 800.84 0.0 1137.5 825.5 0.0 2.0
1082 62 204 146 1104.78 62.0 0.0 1285.57 83.83 0.0 1182.1399999999999 134.85 0.0 1082.0 185.38 0.0 1259.5 207.7 0.0 2.0
# lan_2_194.jpg
957 676 204 150 979.98 676.99 0.0 1160.3 704.04 0.0 1058.74 751.245 0.0 957.67 800.84 0.0 1137.5 825.5 0.0 2.0
1082 62 204 146 1104.78 62.0 0.0 1285.57 83.83 0.0 1182.1399999999999 134.85 0.0 1082.0 185.38 0.0 1259.5 207.7 0.0 2.0
688 148 396 805 848.1 148.6 0.0 1083.9 174.6 0.0 885.75 550.35 0.0 688.2 942.8 0.0 923.4 952.1 0.0 1.0
# lan_2_195.jpg
688 148 396 805 848.1 148.6 0.0 1083.9 174.6 0.0 885.75 550.35 0.0 688.2 942.8 0.0 923.4 952.1 0.0 1.0
1082 62 204 146 1104.78 62.0 0.0 1285.57 83.83 0.0 1182.1399999999999 134.85 0.0 1082.0 185.38 0.0 1259.5 207.7 0.0 2.0
957 676 204 150 979.98 676.99 0.0 1160.3 704.04 0.0 1058.74 751.245 0.0 957.67 800.84 0.0 1137.5 825.5 0.0 2.0
# lan_2_197.jpg
1082 62 204 146 1104.78 62.0 0.0 1285.57 83.83 0.0 1182.1399999999999 134.85 0.0 1082.0 185.38 0.0 1259.5 207.7 0.0 2.0
957 676 204 150 979.98 676.99 0.0 1160.3 704.04 0.0 1058.74 751.245 0.0 957.67 800.84 0.0 1137.5 825.5 0.0 2.0
688 148 396 805 848.1 148.6 0.0 1083.9 174.6 0.0 885.75 550.35 0.0 688.2 942.8 0.0 923.4 952.1 0.0 1.0
# lan_2_198.jpg
957 676 204 150 979.98 676.99 0.0 1160.3 704.04 0.0 1058.74 751.245 0.0 957.67 800.84 0.0 1137.5 825.5 0.0 2.0
688 148 396 805 848.1 148.6 0.0 1083.9 174.6 0.0 885.75 550.35 0.0 688.2 942.8 0.0 923.4 952.1 0.0 1.0
1082 62 204 146 1104.78 62.0 0.0 1285.57 83.83 0.0 1182.1399999999999 134.85 0.0 1082.0 185.38 0.0 1259.5 207.7 0.0 2.0
# lan_2_199.jpg
957 676 204 150 979.98 676.99 0.0 1160.3 704.04 0.0 1058.74 751.245 0.0 957.67 800.84 0.0 1137.5 825.5 0.0 2.0
688 148 396 805 848.1 148.6 0.0 1083.9 174.6 0.0 885.75 550.35 0.0 688.2 942.8 0.0 923.4 952.1 0.0 1.0
1082 62 204 146 1104.78 62.0 0.0 1285.57 83.83 0.0 1182.1399999999999 134.85 0.0 1082.0 185.38 0.0 1259.5 207.7 0.0 2.0
# lan_2_2.jpg
605 94 406 821 770.6 94.4 0.0 1010.1 121.9 0.0 809.35 504.55 0.0 605.61 912.46 0.0 848.1 914.7 0.0 1.0
1008 9 210 146 1032.5 9.0 0.0 1217.37 29.11 0.0 1112.25 81.95 0.0 1008.1 132.3 0.0 1192.0 154.9 0.0 2.0
879 637 211 150 907.35 637.24 0.0 1089.13 662.13 0.0 986.075 711.87 0.0 879.57 763.12 0.0 1064.8 786.5 0.0 2.0
# lan_2_200.jpg
687 146 399 807 849.1 146.0 0.0 1085.88 174.71 0.0 885.9000000000001 549.0 0.0 687.3 949.0 0.0 922.7 952.0 0.0 1.0
1083 62 203 145 1107.12 62.29 0.0 1285.87 84.43 0.0 1184.21 134.445 0.0 1083.3 185.3 0.0 1261.3 206.6 0.0 2.0
958 677 202 148 981.3 677.6 0.0 1159.59 701.88 0.0 1058.0 750.8 0.0 958.4 800.4 0.0 1134.7 824.0 0.0 2.0
# lan_2_201.jpg
1083 62 203 145 1107.12 62.29 0.0 1285.87 84.43 0.0 1184.21 134.445 0.0 1083.3 185.3 0.0 1261.3 206.6 0.0 2.0
687 146 399 807 849.1 146.0 0.0 1085.88 174.71 0.0 885.9000000000001 549.0 0.0 687.3 949.0 0.0 922.7 952.0 0.0 1.0
958 677 202 148 981.3 677.6 0.0 1159.59 701.88 0.0 1058.0 750.8 0.0 958.4 800.4 0.0 1134.7 824.0 0.0 2.0
# lan_2_204.jpg
1083 62 203 145 1107.12 62.29 0.0 1285.87 84.43 0.0 1184.21 134.445 0.0 1083.3 185.3 0.0 1261.3 206.6 0.0 2.0
958 677 202 148 981.3 677.6 0.0 1159.59 701.88 0.0 1058.0 750.8 0.0 958.4 800.4 0.0 1134.7 824.0 0.0 2.0
687 146 399 807 849.1 146.0 0.0 1085.88 174.71 0.0 885.9000000000001 549.0 0.0 687.3 949.0 0.0 922.7 952.0 0.0 1.0
# lan_2_206.jpg
958 677 202 148 981.3 677.6 0.0 1159.59 701.88 0.0 1058.0 750.8 0.0 958.4 800.4 0.0 1134.7 824.0 0.0 2.0
1083 62 203 145 1107.12 62.29 0.0 1285.87 84.43 0.0 1184.21 134.445 0.0 1083.3 185.3 0.0 1261.3 206.6 0.0 2.0
687 146 399 807 849.1 146.0 0.0 1085.88 174.71 0.0 885.9000000000001 549.0 0.0 687.3 949.0 0.0 922.7 952.0 0.0 1.0
# lan_2_207.jpg
1083 62 203 145 1107.12 62.29 0.0 1285.87 84.43 0.0 1184.21 134.445 0.0 1083.3 185.3 0.0 1261.3 206.6 0.0 2.0
958 677 202 148 981.3 677.6 0.0 1159.59 701.88 0.0 1058.0 750.8 0.0 958.4 800.4 0.0 1134.7 824.0 0.0 2.0
687 146 399 807 849.1 146.0 0.0 1085.88 174.71 0.0 885.9000000000001 549.0 0.0 687.3 949.0 0.0 922.7 952.0 0.0 1.0
# lan_2_208.jpg
687 146 399 807 849.1 146.0 0.0 1085.88 174.71 0.0 885.9000000000001 549.0 0.0 687.3 949.0 0.0 922.7 952.0 0.0 1.0
958 677 202 148 981.3 677.6 0.0 1159.59 701.88 0.0 1058.0 750.8 0.0 958.4 800.4 0.0 1134.7 824.0 0.0 2.0
1083 62 203 145 1107.12 62.29 0.0 1285.87 84.43 0.0 1184.21 134.445 0.0 1083.3 185.3 0.0 1261.3 206.6 0.0 2.0
# lan_2_209.jpg
1083 62 203 145 1107.12 62.29 0.0 1285.87 84.43 0.0 1184.21 134.445 0.0 1083.3 185.3 0.0 1261.3 206.6 0.0 2.0
958 677 202 148 981.3 677.6 0.0 1159.59 701.88 0.0 1058.0 750.8 0.0 958.4 800.4 0.0 1134.7 824.0 0.0 2.0
687 146 399 807 849.1 146.0 0.0 1085.88 174.71 0.0 885.9000000000001 549.0 0.0 687.3 949.0 0.0 922.7 952.0 0.0 1.0
# lan_2_211.jpg
1083 62 203 145 1107.12 62.29 0.0 1285.87 84.43 0.0 1184.21 134.445 0.0 1083.3 185.3 0.0 1261.3 206.6 0.0 2.0
958 677 202 148 981.3 677.6 0.0 1159.59 701.88 0.0 1058.0 750.8 0.0 958.4 800.4 0.0 1134.7 824.0 0.0 2.0
687 146 399 807 849.1 146.0 0.0 1085.88 174.71 0.0 885.9000000000001 549.0 0.0 687.3 949.0 0.0 922.7 952.0 0.0 1.0
# lan_2_212.jpg
687 146 399 807 849.1 146.0 0.0 1085.88 174.71 0.0 885.9000000000001 549.0 0.0 687.3 949.0 0.0 922.7 952.0 0.0 1.0
958 677 202 148 981.3 677.6 0.0 1159.59 701.88 0.0 1058.0 750.8 0.0 958.4 800.4 0.0 1134.7 824.0 0.0 2.0
1083 62 203 145 1107.12 62.29 0.0 1285.87 84.43 0.0 1184.21 134.445 0.0 1083.3 185.3 0.0 1261.3 206.6 0.0 2.0
# lan_2_214.jpg
687 146 399 807 849.1 146.0 0.0 1085.88 174.71 0.0 885.9000000000001 549.0 0.0 687.3 949.0 0.0 922.7 952.0 0.0 1.0
958 677 202 148 981.3 677.6 0.0 1159.59 701.88 0.0 1058.0 750.8 0.0 958.4 800.4 0.0 1134.7 824.0 0.0 2.0
1083 62 203 145 1107.12 62.29 0.0 1285.87 84.43 0.0 1184.21 134.445 0.0 1083.3 185.3 0.0 1261.3 206.6 0.0 2.0
# lan_2_215.jpg
687 146 399 807 849.1 146.0 0.0 1085.88 174.71 0.0 885.9000000000001 549.0 0.0 687.3 949.0 0.0 922.7 952.0 0.0 1.0
1083 62 203 145 1107.12 62.29 0.0 1285.87 84.43 0.0 1184.21 134.445 0.0 1083.3 185.3 0.0 1261.3 206.6 0.0 2.0
958 677 202 148 981.3 677.6 0.0 1159.59 701.88 0.0 1058.0 750.8 0.0 958.4 800.4 0.0 1134.7 824.0 0.0 2.0
# lan_2_216.jpg
687 146 399 807 849.1 146.0 0.0 1085.88 174.71 0.0 885.9000000000001 549.0 0.0 687.3 949.0 0.0 922.7 952.0 0.0 1.0
958 677 202 148 981.3 677.6 0.0 1159.59 701.88 0.0 1058.0 750.8 0.0 958.4 800.4 0.0 1134.7 824.0 0.0 2.0
1083 62 203 145 1107.12 62.29 0.0 1285.87 84.43 0.0 1184.21 134.445 0.0 1083.3 185.3 0.0 1261.3 206.6 0.0 2.0
# lan_2_217.jpg
687 146 399 807 849.1 146.0 0.0 1085.88 174.71 0.0 885.9000000000001 549.0 0.0 687.3 949.0 0.0 922.7 952.0 0.0 1.0
958 677 202 148 981.3 677.6 0.0 1159.59 701.88 0.0 1058.0 750.8 0.0 958.4 800.4 0.0 1134.7 824.0 0.0 2.0
1083 62 203 145 1107.12 62.29 0.0 1285.87 84.43 0.0 1184.21 134.445 0.0 1083.3 185.3 0.0 1261.3 206.6 0.0 2.0
# lan_2_218.jpg
1083 62 203 145 1107.12 62.29 0.0 1285.87 84.43 0.0 1184.21 134.445 0.0 1083.3 185.3 0.0 1261.3 206.6 0.0 2.0
687 146 399 807 849.1 146.0 0.0 1085.88 174.71 0.0 885.9000000000001 549.0 0.0 687.3 949.0 0.0 922.7 952.0 0.0 1.0
958 677 202 148 981.3 677.6 0.0 1159.59 701.88 0.0 1058.0 750.8 0.0 958.4 800.4 0.0 1134.7 824.0 0.0 2.0
# lan_2_222.jpg
1083 62 203 145 1107.12 62.29 0.0 1285.87 84.43 0.0 1184.21 134.445 0.0 1083.3 185.3 0.0 1261.3 206.6 0.0 2.0
958 677 202 148 981.3 677.6 0.0 1159.59 701.88 0.0 1058.0 750.8 0.0 958.4 800.4 0.0 1134.7 824.0 0.0 2.0
687 146 399 807 849.1 146.0 0.0 1085.88 174.71 0.0 885.9000000000001 549.0 0.0 687.3 949.0 0.0 922.7 952.0 0.0 1.0
# lan_2_223.jpg
958 677 202 148 981.3 677.6 0.0 1159.59 701.88 0.0 1058.0 750.8 0.0 958.4 800.4 0.0 1134.7 824.0 0.0 2.0
1083 62 203 145 1107.12 62.29 0.0 1285.87 84.43 0.0 1184.21 134.445 0.0 1083.3 185.3 0.0 1261.3 206.6 0.0 2.0
687 146 399 807 849.1 146.0 0.0 1085.88 174.71 0.0 885.9000000000001 549.0 0.0 687.3 949.0 0.0 922.7 952.0 0.0 1.0
# lan_2_224.jpg
687 146 399 807 849.1 146.0 0.0 1085.88 174.71 0.0 885.9000000000001 549.0 0.0 687.3 949.0 0.0 922.7 952.0 0.0 1.0
958 677 202 148 981.3 677.6 0.0 1159.59 701.88 0.0 1058.0 750.8 0.0 958.4 800.4 0.0 1134.7 824.0 0.0 2.0
1083 62 203 145 1107.12 62.29 0.0 1285.87 84.43 0.0 1184.21 134.445 0.0 1083.3 185.3 0.0 1261.3 206.6 0.0 2.0
# lan_2_225.jpg
687 146 399 807 849.1 146.0 0.0 1085.88 174.71 0.0 885.9000000000001 549.0 0.0 687.3 949.0 0.0 922.7 952.0 0.0 1.0
958 677 202 148 981.3 677.6 0.0 1159.59 701.88 0.0 1058.0 750.8 0.0 958.4 800.4 0.0 1134.7 824.0 0.0 2.0
1083 62 203 145 1107.12 62.29 0.0 1285.87 84.43 0.0 1184.21 134.445 0.0 1083.3 185.3 0.0 1261.3 206.6 0.0 2.0
# lan_2_226.jpg
1083 62 203 145 1107.12 62.29 0.0 1285.87 84.43 0.0 1184.21 134.445 0.0 1083.3 185.3 0.0 1261.3 206.6 0.0 2.0
958 677 202 148 981.3 677.6 0.0 1159.59 701.88 0.0 1058.0 750.8 0.0 958.4 800.4 0.0 1134.7 824.0 0.0 2.0
687 146 399 807 849.1 146.0 0.0 1085.88 174.71 0.0 885.9000000000001 549.0 0.0 687.3 949.0 0.0 922.7 952.0 0.0 1.0
# lan_2_227.jpg
1083 62 203 145 1107.12 62.29 0.0 1285.87 84.43 0.0 1184.21 134.445 0.0 1083.3 185.3 0.0 1261.3 206.6 0.0 2.0
687 146 399 807 849.1 146.0 0.0 1085.88 174.71 0.0 885.9000000000001 549.0 0.0 687.3 949.0 0.0 922.7 952.0 0.0 1.0
958 677 202 148 981.3 677.6 0.0 1159.59 701.88 0.0 1058.0 750.8 0.0 958.4 800.4 0.0 1134.7 824.0 0.0 2.0
# lan_2_228.jpg
1083 62 203 145 1107.12 62.29 0.0 1285.87 84.43 0.0 1184.21 134.445 0.0 1083.3 185.3 0.0 1261.3 206.6 0.0 2.0
958 677 202 148 981.3 677.6 0.0 1159.59 701.88 0.0 1058.0 750.8 0.0 958.4 800.4 0.0 1134.7 824.0 0.0 2.0
687 146 399 807 849.1 146.0 0.0 1085.88 174.71 0.0 885.9000000000001 549.0 0.0 687.3 949.0 0.0 922.7 952.0 0.0 1.0
# lan_2_230.jpg
1083 62 203 145 1107.12 62.29 0.0 1285.87 84.43 0.0 1184.21 134.445 0.0 1083.3 185.3 0.0 1261.3 206.6 0.0 2.0
958 677 202 148 981.3 677.6 0.0 1159.59 701.88 0.0 1058.0 750.8 0.0 958.4 800.4 0.0 1134.7 824.0 0.0 2.0
687 146 399 807 849.1 146.0 0.0 1085.88 174.71 0.0 885.9000000000001 549.0 0.0 687.3 949.0 0.0 922.7 952.0 0.0 1.0
# lan_2_231.jpg
958 677 202 148 981.3 677.6 0.0 1159.59 701.88 0.0 1058.0 750.8 0.0 958.4 800.4 0.0 1134.7 824.0 0.0 2.0
1083 62 203 145 1107.12 62.29 0.0 1285.87 84.43 0.0 1184.21 134.445 0.0 1083.3 185.3 0.0 1261.3 206.6 0.0 2.0
687 146 399 807 849.1 146.0 0.0 1085.88 174.71 0.0 885.9000000000001 549.0 0.0 687.3 949.0 0.0 922.7 952.0 0.0 1.0
# lan_2_232.jpg
